{
  "advancedEditorSelectedIdentifier" : "ProjectBrowser",
  "openSceneRelativePaths" : [
    "Immersive.usda"
  ],
  "recentIdentifiers" : {
    "AF09ED6F-1707-48FD-8720-65B998362C09" : [

    ],
    "D66134B1-3681-4A8E-AFE5-29F257229F3B" : [

    ]
  },
  "sceneCameraHistory" : {
    "A68D86A9-C581-4C8A-B3B6-E9557884002D" : [
      {
        "date" : 728890506.081684,
        "title" : "Untitled",
        "transform" : [
          0.99999994,
          0,
          -0,
          0,
          -0,
          0.8660254,
          -0.49999988,
          0,
          0,
          0.49999988,
          0.8660254,
          0,
          0,
          0.17860849,
          0.30935904,
          1
        ]
      }
    ],
    "AF09ED6F-1707-48FD-8720-65B998362C09" : [
      {
        "date" : 728986300.828929,
        "title" : "Untitled",
        "transform" : [
          0.6627243,
          -5.287202e-09,
          -0.74886334,
          0,
          0.07695415,
          0.994706,
          0.06810239,
          0,
          0.7448989,
          -0.10276126,
          0.6592159,
          0,
          2.689416,
          0.36929044,
          1.8542506,
          1
        ]
      },
      {
        "date" : 728976892.72462,
        "title" : "Untitled",
        "transform" : [
          0.6627243,
          -5.287202e-09,
          -0.74886334,
          0,
          0.07695415,
          0.994706,
          0.06810239,
          0,
          0.7448989,
          -0.10276126,
          0.6592159,
          0,
          2.4384775,
          0.4039083,
          1.6321764,
          1
        ]
      },
      {
        "date" : 728976675.086774,
        "title" : "Untitled",
        "transform" : [
          -0.99966943,
          5.5584237e-10,
          0.025709836,
          0,
          0.0064085242,
          0.9684357,
          0.2491811,
          0,
          -0.024898322,
          0.2492635,
          -0.96811557,
          0,
          -0.53859735,
          1.5641762,
          -2.919761,
          1
        ]
      },
      {
        "date" : 728976671.012635,
        "title" : "Untitled",
        "transform" : [
          -0.96903837,
          2.517251e-09,
          -0.24691054,
          0,
          -0.049520493,
          0.9796814,
          0.1943508,
          0,
          0.24189363,
          0.20056048,
          -0.94934875,
          0,
          -0.14560682,
          1.4930712,
          -2.919008,
          1
        ]
      },
      {
        "date" : 728976664.431271,
        "title" : "Untitled",
        "transform" : [
          0.99933875,
          -2.0389687e-06,
          0.03635861,
          0,
          0.007635656,
          0.97771114,
          -0.20981589,
          0,
          -0.03554779,
          0.20995477,
          0.97706467,
          0,
          -0.3496731,
          1.4999127,
          -1.5003759,
          1
        ]
      },
      {
        "date" : 728976587.906057,
        "title" : "Untitled",
        "transform" : [
          0.99933875,
          -2.0389687e-06,
          0.03635861,
          0,
          0.007635656,
          0.97771114,
          -0.20981589,
          0,
          -0.03554779,
          0.20995477,
          0.97706467,
          0,
          1.2706662,
          1.0681894,
          -3.3632507,
          1
        ]
      },
      {
        "date" : 728976576.956962,
        "title" : "Untitled",
        "transform" : [
          0.99933875,
          -2.0389687e-06,
          0.03635861,
          0,
          0.007635656,
          0.97771114,
          -0.20981589,
          0,
          -0.03554779,
          0.20995477,
          0.97706467,
          0,
          0.33836302,
          1.5667173,
          -1.123395,
          1
        ]
      },
      {
        "date" : 728976562.190828,
        "title" : "Untitled",
        "transform" : [
          0.99933875,
          -2.039006e-06,
          0.036358606,
          0,
          0.0076356535,
          0.97771114,
          -0.20981584,
          0,
          -0.035547785,
          0.20995472,
          0.97706467,
          0,
          -0.36163703,
          1.5667173,
          -1.123395,
          1
        ]
      },
      {
        "date" : 728893746.04993,
        "title" : "Untitled",
        "transform" : [
          0.99933875,
          -2.0395191e-06,
          0.036358602,
          0,
          0.0076356516,
          0.9777111,
          -0.20981579,
          0,
          -0.03554778,
          0.20995468,
          0.97706467,
          0,
          -0.35093752,
          1.4998983,
          1.4905403,
          1
        ]
      },
      {
        "date" : 728893567.166807,
        "title" : "Untitled",
        "transform" : [
          0.9428453,
          -1.888271e-09,
          0.3332309,
          0,
          -0.014402603,
          0.99906546,
          0.0407508,
          0,
          -0.33291954,
          -0.043221097,
          0.9419642,
          0,
          -0.35093752,
          1.4998983,
          1.4905403,
          1
        ]
      }
    ],
    "D66134B1-3681-4A8E-AFE5-29F257229F3B" : [
      {
        "date" : 728976482.627107,
        "title" : "Untitled",
        "transform" : [
          0.9682535,
          2.17335e-09,
          0.24997044,
          0,
          0.09718005,
          0.9213365,
          -0.37642422,
          0,
          -0.23030688,
          0.3887662,
          0.8920872,
          0,
          0.005303214,
          0.44363537,
          -0.05279851,
          1
        ]
      },
      {
        "date" : 728976475.970313,
        "title" : "Untitled",
        "transform" : [
          0.9682535,
          2.17335e-09,
          0.24997044,
          0,
          0.09718005,
          0.9213365,
          -0.37642422,
          0,
          -0.23030688,
          0.3887662,
          0.8920872,
          0,
          -0.22748895,
          0.032335863,
          1.1682354,
          1
        ]
      },
      {
        "date" : 728976472.93867,
        "title" : "Untitled",
        "transform" : [
          0.9886981,
          -5.02182e-09,
          0.1499206,
          0,
          0.04489125,
          0.95411724,
          -0.29604933,
          0,
          -0.1430418,
          0.2994335,
          0.9433338,
          0,
          -0.22748895,
          0.032335863,
          1.1682354,
          1
        ]
      },
      {
        "date" : 728975438.385476,
        "title" : "Untitled",
        "transform" : [
          0.9886981,
          -5.02182e-09,
          0.1499206,
          0,
          0.04489125,
          0.95411724,
          -0.29604933,
          0,
          -0.1430418,
          0.2994335,
          0.9433338,
          0,
          -0.029517744,
          0.02391003,
          0.06029116,
          1
        ]
      },
      {
        "date" : 728974416.785315,
        "title" : "Untitled",
        "transform" : [
          0.9886981,
          -5.02182e-09,
          0.1499206,
          0,
          0.04489125,
          0.95411724,
          -0.29604933,
          0,
          -0.1430418,
          0.2994335,
          0.9433338,
          0,
          -0.029517744,
          0.02391003,
          0.06029116,
          1
        ]
      },
      {
        "date" : 728972551.009212,
        "title" : "Untitled",
        "transform" : [
          0.9886981,
          -5.02182e-09,
          0.1499206,
          0,
          0.04489125,
          0.95411724,
          -0.29604933,
          0,
          -0.1430418,
          0.2994335,
          0.9433338,
          0,
          -0.029517744,
          0.02391003,
          0.06029116,
          1
        ]
      },
      {
        "date" : 728972549.976276,
        "title" : "Untitled",
        "transform" : [
          0.9886981,
          -5.02182e-09,
          0.1499206,
          0,
          0.04489125,
          0.95411724,
          -0.29604933,
          0,
          -0.1430418,
          0.2994335,
          0.9433338,
          0,
          -0.029517744,
          0.02391003,
          0.06029116,
          1
        ]
      },
      {
        "date" : 728972538.208244,
        "title" : "Untitled",
        "transform" : [
          0.9886981,
          -5.02182e-09,
          0.1499206,
          0,
          0.04489125,
          0.95411724,
          -0.29604933,
          0,
          -0.1430418,
          0.2994335,
          0.9433338,
          0,
          -0.029517744,
          0.02391003,
          0.06029116,
          1
        ]
      },
      {
        "date" : 728972529.12508,
        "title" : "Untitled",
        "transform" : [
          0.9886981,
          -5.02182e-09,
          0.1499206,
          0,
          0.04489125,
          0.95411724,
          -0.29604933,
          0,
          -0.1430418,
          0.2994335,
          0.9433338,
          0,
          0.05564387,
          0.047762964,
          0.065633155,
          1
        ]
      },
      {
        "date" : 728972519.586653,
        "title" : "Untitled",
        "transform" : [
          0.9886981,
          -5.02182e-09,
          0.1499206,
          0,
          0.04489125,
          0.95411724,
          -0.29604933,
          0,
          -0.1430418,
          0.2994335,
          0.9433338,
          0,
          0.05564387,
          0.047762964,
          0.065633155,
          1
        ]
      }
    ]
  },
  "selectedSceneRelativePath" : "Immersive.usda"
}