{
  "advancedEditorSelectedIdentifier" : "ProjectBrowser",
  "openSceneRelativePaths" : [
    "Immersive.usda"
  ],
  "recentIdentifiers" : {
    "AF09ED6F-1707-48FD-8720-65B998362C09" : [

    ]
  },
  "sceneCameraHistory" : {
    "AF09ED6F-1707-48FD-8720-65B998362C09" : [
      {
        "date" : 728890043.867022,
        "title" : "Untitled",
        "transform" : [
          -0.9827807,
          2.388389e-09,
          0.18477619,
          0,
          0.023485476,
          0.99188966,
          0.12491366,
          0,
          -0.18327758,
          0.12710229,
          -0.97480994,
          0,
          0.0327678,
          1.7443557,
          -6.5011463,
          1
        ]
      },
      {
        "date" : 728890033.132753,
        "title" : "Untitled",
        "transform" : [
          -0.0984297,
          -9.547868e-11,
          -0.995144,
          0,
          -0.07205134,
          0.9973755,
          0.0071265986,
          0,
          0.9925322,
          0.072402924,
          -0.09817137,
          0,
          4.9374886,
          1.4767679,
          -1.0199919,
          1
        ]
      },
      {
        "date" : 728890029.454529,
        "title" : "Untitled",
        "transform" : [
          -0.0984297,
          -9.547868e-11,
          -0.995144,
          0,
          -0.07205134,
          0.9973755,
          0.0071265986,
          0,
          0.9925322,
          0.072402924,
          -0.09817137,
          0,
          6.0564733,
          1.2539912,
          -0.91226363,
          1
        ]
      },
      {
        "date" : 728890020.834596,
        "title" : "Untitled",
        "transform" : [
          -0.0984297,
          -9.547868e-11,
          -0.995144,
          0,
          -0.07205134,
          0.9973755,
          0.0071265986,
          0,
          0.9925322,
          0.072402924,
          -0.09817137,
          0,
          4.3315196,
          1.5974094,
          -1.0783303,
          1
        ]
      },
      {
        "date" : 728889972.615189,
        "title" : "Untitled",
        "transform" : [
          -0.29834247,
          -4.240515e-07,
          -0.95445883,
          0,
          -0.63469344,
          0.7468636,
          0.19839063,
          0,
          0.7128506,
          0.6649772,
          -0.22282143,
          0,
          3.9843442,
          4.3757324,
          -1.8610423,
          1
        ]
      },
      {
        "date" : 728555546.925385,
        "title" : "Untitled",
        "transform" : [
          -0.9379596,
          2.9963871e-09,
          -0.34674454,
          0,
          -0.059525546,
          0.9851545,
          0.1610193,
          0,
          0.34159708,
          0.17166984,
          -0.9240352,
          0,
          1.5306704,
          1.4190652,
          -5.8419943,
          1
        ]
      },
      {
        "date" : 728555421.108609,
        "title" : "Untitled",
        "transform" : [
          -0.9379596,
          2.9963871e-09,
          -0.34674454,
          0,
          -0.059525546,
          0.9851545,
          0.1610193,
          0,
          0.34159708,
          0.17166984,
          -0.9240352,
          0,
          0.854147,
          1.0790777,
          -4.0119696,
          1
        ]
      },
      {
        "date" : 728555413.592091,
        "title" : "Untitled",
        "transform" : [
          -0.9379596,
          2.9963871e-09,
          -0.34674454,
          0,
          -0.059525546,
          0.9851545,
          0.1610193,
          0,
          0.34159708,
          0.17166984,
          -0.9240352,
          0,
          0.8226162,
          2.2218575,
          -3.8113208,
          1
        ]
      },
      {
        "date" : 728555407.476138,
        "title" : "Untitled",
        "transform" : [
          0.82574517,
          2.6277975e-09,
          -0.56404334,
          0,
          0.007560518,
          0.99991006,
          0.011068423,
          0,
          0.56399256,
          -0.013404092,
          0.82567096,
          0,
          1.4463236,
          1.7579604,
          0.56624246,
          1
        ]
      },
      {
        "date" : 728555402.721852,
        "title" : "Untitled",
        "transform" : [
          -0.9956177,
          -3.1276532e-09,
          -0.09351686,
          0,
          0.028711164,
          0.9517043,
          -0.3056705,
          0,
          0.089000404,
          -0.30701593,
          -0.94753367,
          0,
          0.19628814,
          1.012929,
          -3.921651,
          1
        ]
      }
    ]
  }
}